00 00 00 00 00 00 09 00 00 00 00 00 00 00 00 00
00 15 13 13 13 14 09 00 00 00 00 00 00 00 00 00
00 09 00 00 00 08 09 00 00 00 00 00 00 00 00 00
00 09 00 00 00 08 09 00 00 00 00 00 00 00 00 00
00 12 10 10 10 11 09 00 00 00 00 00 00 00 00 00
13 13 13 13 13 13 16 00 00 00 57 00 00 00 00 00
00 00 00 00 00 00 00 00 00 00 00 55 51 00 00 00
00 00 00 00 00 00 00 00 00 51 00 00 00 00 00 00
51 00 53 52 56 00 00 00 00 00 00 19 10 10 18 00
51 51 57 54 00 00 00 00 00 00 00 08 00 00 09 00
51 51 00 00 00 00 00 00 00 00 00 17 13 13 16 00
51 51 51 51 51 00 00 00 00 00 00 00 00 00 00 00

